============================================================
lab_manual_packed
============================================================

---------------- lab_manual_packed_1024x524288_profile.out ----------------
 Time (%)  Total Time (ns)  Instances    Avg (ns)       Med (ns)      Min (ns)     Max (ns)    StdDev (ns)   Style         Range       
 --------  ---------------  ---------  -------------  -------------  -----------  -----------  -----------  -------  ------------------
     99.2    1,292,497,325         10  129,249,732.5  128,658,684.5  128,582,960  133,760,352  1,614,289.7  PushPop  :XXT              
      0.6        8,200,847         10      820,084.7      818,292.5      814,791      841,101      7,603.3  PushPop  :Norms            
      0.2        2,046,901          1    2,046,901.0    2,046,901.0    2,046,901    2,046,901          0.0  PushPop  :GenX             
      0.0          237,332         10       23,733.2       22,005.0       21,090       37,838      5,006.9  PushPop  :CalculateDistance

---------------- lab_manual_packed_1024x1048576_profile.out ----------------
 Time (%)  Total Time (ns)  Instances    Avg (ns)       Med (ns)      Min (ns)     Max (ns)    StdDev (ns)   Style         Range       
 --------  ---------------  ---------  -------------  -------------  -----------  -----------  -----------  -------  ------------------
     99.2    2,578,082,037         10  257,808,203.7  257,299,753.5  257,117,988  262,660,114  1,706,787.6  PushPop  :XXT              
      0.6       16,721,741         10    1,672,174.1    1,670,033.0    1,665,481    1,698,324      9,500.7  PushPop  :Norms            
      0.1        3,885,787          1    3,885,787.0    3,885,787.0    3,885,787    3,885,787          0.0  PushPop  :GenX             
      0.0          267,292         10       26,729.2       22,718.5       21,872       43,598      7,692.5  PushPop  :CalculateDistance

---------------- lab_manual_packed_2048x1048576_profile.out ----------------
 Time (%)  Total Time (ns)  Instances     Avg (ns)         Med (ns)        Min (ns)       Max (ns)     StdDev (ns)   Style         Range       
 --------  ---------------  ---------  ---------------  ---------------  -------------  -------------  -----------  -------  ------------------
     99.6   10,081,335,678         10  1,008,133,567.8  1,007,639,717.0  1,007,490,163  1,012,555,600  1,559,707.3  PushPop  :XXT              
      0.3       32,776,876         10      3,277,687.6      3,273,733.0      3,267,192      3,324,611     16,782.4  PushPop  :Norms            
      0.1        7,591,821          1      7,591,821.0      7,591,821.0      7,591,821      7,591,821          0.0  PushPop  :GenX             
      0.0          627,558         10         62,755.8         61,601.5         60,832         73,592      3,821.3  PushPop  :CalculateDistance

---------------- lab_manual_packed_4096x1048576_profile.out ----------------
 Time (%)  Total Time (ns)  Instances     Avg (ns)         Med (ns)        Min (ns)       Max (ns)     StdDev (ns)   Style         Range       
 --------  ---------------  ---------  ---------------  ---------------  -------------  -------------  -----------  -------  ------------------
     99.8   40,006,338,197         10  4,000,633,819.7  4,000,217,779.0  3,999,909,051  4,004,481,558  1,369,955.3  PushPop  :XXT              
      0.2       64,169,241         10      6,416,924.1      6,409,236.5      6,401,708      6,493,995     27,555.0  PushPop  :Norms            
      0.0       15,029,114          1     15,029,114.0     15,029,114.0     15,029,114     15,029,114          0.0  PushPop  :GenX             
      0.0        2,435,806         10        243,580.6        243,243.5        242,339        247,949      1,633.1  PushPop  :CalculateDistance

---------------- lab_manual_packed_8192x1048576_profile.out ----------------
 Time (%)  Total Time (ns)  Instances      Avg (ns)          Med (ns)         Min (ns)        Max (ns)     StdDev (ns)   Style         Range       
 --------  ---------------  ---------  ----------------  ----------------  --------------  --------------  -----------  -------  ------------------
     99.9  159,532,107,339         10  15,953,210,733.9  15,953,069,346.5  15,952,135,902  15,955,693,779    990,480.5  PushPop  :XXT              
      0.1      126,416,462         10      12,641,646.2      12,623,310.5      12,617,879      12,789,634     52,646.0  PushPop  :Norms            
      0.0       29,808,556          1      29,808,556.0      29,808,556.0      29,808,556      29,808,556          0.0  PushPop  :GenX             
      0.0        9,497,233         10         949,723.3         949,567.0         947,886         953,832      1,577.1  PushPop  :CalculateDistance

---------------- lab_manual_packed_32x64.out ----------------
Memoria usada: 8.00 MB
Generando matriz genomica X (32 individuos x 64 SNPs)...
Matriz X empaquetada: 512 bytes (sin empaquetar: 2048 bytes).
Matriz Salida Comprimida Triangular: 528 elementos.

X desempaquetada (debug):
1 0 1 1 2 2 0 0 2 2 0 2 1 2 1 2 0 0 1 1 1 1 0 2 0 2 0 2 2 1 0 2 0 0 0 1 0 2 1 0 1 2 0 0 1 1 1 1 1 0 2 2 1 1 2 0 2 2 0 2 2 0 2 0 
2 0 1 0 2 0 1 2 2 0 2 2 2 2 2 1 1 1 0 0 1 1 0 2 1 0 2 1 0 1 2 1 1 1 1 1 0 0 1 1 2 2 1 0 1 0 2 0 0 0 1 0 0 1 0 1 2 0 0 2 0 1 0 2 
1 1 0 2 0 1 1 0 2 0 2 1 0 2 1 0 2 1 0 2 1 2 0 0 2 2 1 0 2 1 2 2 0 0 0 2 0 1 0 2 1 0 2 0 2 1 0 2 0 1 2 2 0 1 2 0 2 1 1 2 2 1 0 1 
0 0 2 0 0 1 1 1 2 2 1 0 0 0 1 2 0 2 1 0 1 1 0 0 2 2 1 1 1 2 0 1 2 2 0 0 0 0 2 1 2 1 2 1 2 1 1 2 2 1 1 1 1 0 1 0 2 0 2 1 0 0 0 0 
1 0 2 2 2 2 0 0 2 2 1 1 1 1 2 0 0 0 2 0 1 0 0 0 0 2 0 2 2 1 1 0 2 1 1 0 1 2 0 2 2 2 0 2 0 1 2 2 1 2 0 2 0 2 2 0 2 1 2 1 0 1 0 0 
0 0 0 2 0 1 0 1 2 0 2 2 0 2 1 0 2 0 2 0 2 0 0 1 0 1 2 0 1 2 0 0 0 1 2 1 0 2 2 1 0 2 1 0 0 2 0 0 2 2 2 2 0 0 0 2 0 0 0 1 2 1 1 1 
1 0 0 1 2 2 0 1 2 1 2 1 1 0 0 1 0 2 1 1 0 1 1 2 2 0 2 1 1 0 2 0 1 1 0 1 1 1 0 2 1 1 2 0 2 0 2 1 1 2 2 0 2 2 0 1 1 2 0 0 2 2 2 0 
0 2 1 0 0 0 0 2 0 2 0 1 1 2 1 0 1 0 0 2 2 2 1 1 1 1 0 2 1 0 2 1 1 0 2 0 0 0 1 0 0 1 2 2 1 0 0 1 2 1 1 2 0 1 0 2 1 1 1 2 2 0 2 0 
2 1 2 0 1 1 2 0 1 0 0 2 0 0 0 2 2 2 1 1 0 0 2 1 2 2 1 2 0 1 0 1 2 1 2 2 0 0 0 2 0 0 2 1 2 2 0 2 2 1 2 1 1 1 2 0 0 2 1 0 2 0 1 0 
1 1 1 2 2 2 2 2 0 2 2 0 2 1 2 2 1 1 0 0 1 2 0 2 0 1 1 2 2 0 1 2 0 1 2 0 0 2 1 1 0 1 2 1 0 1 2 2 0 1 1 1 1 2 0 2 2 0 0 0 1 2 1 2 
2 0 0 0 0 1 2 0 1 1 0 2 0 2 1 1 1 0 2 2 0 2 1 0 1 1 0 0 1 1 2 0 2 0 2 2 2 0 2 1 0 2 0 2 1 2 0 0 2 2 2 0 0 0 1 1 0 0 1 1 1 2 1 0 
0 2 0 0 0 2 0 0 0 2 0 2 1 2 0 2 0 1 1 0 0 0 1 2 2 0 0 2 1 2 1 2 0 1 0 0 1 1 0 2 1 2 2 1 0 2 2 1 2 1 1 2 2 2 0 1 2 2 1 1 2 2 0 2 
0 1 1 0 1 0 1 0 2 1 1 0 1 0 0 2 1 0 2 1 1 1 0 1 0 1 2 1 1 1 1 0 2 0 1 2 0 1 2 1 2 0 1 2 2 0 1 0 2 1 0 1 1 1 1 1 0 0 2 0 1 2 2 0 
0 0 2 1 2 1 2 1 2 2 2 2 0 2 1 0 0 1 0 2 1 1 2 2 0 2 2 0 1 0 1 1 2 2 2 0 2 0 1 2 0 1 1 2 0 2 0 0 1 1 2 1 1 1 2 0 2 2 2 2 0 1 2 1 
0 0 1 0 0 0 1 1 1 0 2 1 0 0 0 1 1 2 2 2 0 0 0 2 1 0 2 1 0 1 0 2 2 1 0 0 0 1 0 2 0 2 2 1 2 1 0 0 2 0 0 0 0 1 1 0 0 1 0 1 1 1 2 0 
0 0 1 0 2 2 2 1 2 2 1 1 0 2 2 1 1 2 2 1 1 2 1 2 2 1 0 2 2 0 0 0 1 0 0 1 2 1 0 0 2 0 0 0 2 0 1 0 1 2 2 1 1 2 0 1 2 2 1 0 1 0 2 1 
2 0 0 1 2 1 0 1 1 2 1 1 1 2 0 2 0 2 0 2 0 2 1 2 0 0 2 0 0 2 1 2 2 1 2 0 2 1 1 0 1 2 1 2 2 0 1 1 1 2 1 0 2 0 2 0 0 1 0 2 1 0 1 1 
1 1 2 1 1 1 0 2 2 0 1 0 0 0 2 0 0 0 0 0 0 2 0 2 0 2 1 1 0 0 1 0 1 0 1 0 2 0 1 1 1 1 2 2 2 0 2 1 1 1 2 0 2 1 0 1 1 1 0 1 0 0 2 1 
0 1 2 1 2 2 0 1 2 2 2 1 1 1 1 0 2 2 0 0 0 2 1 2 2 2 2 0 0 2 2 2 0 1 0 1 0 1 2 2 0 1 0 2 1 1 1 0 1 1 0 0 1 0 0 2 2 2 2 1 1 2 1 0 
0 2 2 1 1 1 1 0 0 2 0 1 0 2 2 2 2 2 0 1 2 2 0 0 1 1 1 1 2 2 0 1 0 2 1 0 0 1 2 1 2 0 2 0 2 2 2 1 2 0 1 1 0 1 2 2 1 0 0 1 0 1 1 1 
2 1 1 1 2 0 1 1 2 2 0 1 2 0 1 1 1 0 0 1 0 2 2 2 1 0 1 0 2 0 1 1 1 1 1 0 2 2 2 1 2 1 0 0 2 2 0 1 1 0 2 2 2 2 2 0 1 0 0 0 2 2 0 0 
2 1 0 0 0 2 1 0 2 1 2 2 0 2 1 0 1 1 0 1 2 1 2 0 1 2 2 0 2 2 1 2 0 0 2 2 1 0 1 0 2 1 1 1 2 1 1 0 1 0 2 2 0 2 0 2 0 2 1 1 2 2 1 0 
1 1 0 1 1 0 2 0 2 2 1 1 1 2 1 0 0 1 1 0 2 1 0 1 2 2 0 0 0 1 1 1 0 0 1 2 0 1 0 0 0 2 1 0 1 1 0 1 2 0 1 0 2 1 2 2 0 0 1 1 2 2 0 1 
1 2 0 0 1 0 1 0 2 1 1 2 2 0 0 2 0 0 0 2 0 0 1 2 0 0 2 0 1 0 0 1 0 0 0 0 2 1 1 1 1 0 2 2 1 0 2 1 0 1 2 0 0 0 0 2 1 2 2 0 0 2 0 1 
2 0 0 2 0 2 1 2 0 1 1 2 2 2 1 1 2 2 2 1 2 0 2 1 1 0 0 0 1 1 2 1 1 2 1 0 0 1 2 1 0 1 1 2 1 0 2 1 1 2 0 0 2 2 2 2 2 0 0 2 1 1 1 1 
2 2 0 2 2 0 2 2 1 0 0 0 1 2 2 2 2 2 2 1 0 2 0 0 2 1 0 0 2 0 0 1 0 0 0 1 1 1 1 0 1 2 1 0 2 1 2 1 0 1 1 1 1 1 0 0 0 1 0 1 0 0 0 2 
0 2 1 2 1 2 0 0 0 2 1 0 0 2 1 2 0 1 1 2 2 2 2 0 1 0 0 2 2 2 1 2 1 0 2 2 1 2 1 1 0 0 1 1 1 1 0 1 2 0 2 0 2 1 2 1 2 2 1 1 2 2 1 2 
0 0 0 2 0 2 0 0 1 0 1 0 2 1 2 1 1 2 0 0 0 0 1 2 2 2 0 2 2 0 1 0 1 1 1 1 2 2 1 0 1 0 2 0 1 0 2 0 2 2 1 2 2 1 1 2 2 2 2 1 2 1 0 2 
1 0 1 1 1 0 1 2 0 0 2 1 0 0 1 1 2 0 2 0 1 0 0 2 2 0 0 0 2 0 1 1 2 2 1 2 1 0 2 0 2 0 0 1 1 2 1 0 2 0 1 1 0 2 2 2 1 1 0 1 1 0 0 0 
2 2 1 0 2 2 2 2 2 1 1 0 0 1 1 0 1 2 1 2 2 2 1 0 1 0 1 0 0 2 0 1 2 2 2 2 0 0 1 1 2 1 1 1 0 1 1 2 1 2 0 0 0 0 1 1 0 0 2 2 1 0 0 0 
1 1 1 2 1 2 0 0 1 2 0 1 1 2 0 0 2 0 1 0 0 0 0 2 1 0 1 0 0 1 1 0 1 0 1 0 2 2 2 1 2 0 1 1 2 1 2 1 1 0 0 0 1 2 1 0 2 0 1 1 2 0 0 1 
0 2 2 1 0 1 2 2 0 1 1 2 2 1 1 1 0 1 1 2 0 1 2 0 2 0 0 2 2 0 1 0 2 1 1 2 1 1 1 2 2 1 0 2 2 0 1 2 0 0 2 1 0 0 0 0 2 1 0 2 2 1 1 1 
Cálculos completados con éxito.
Normas (debug):
108 95 111 95 116 98 108 94 114 122 99 117 85 128 76 113 110 84 117 111 110 117 86 85 120 96 126 115 90 106 85 111 
Validacion CPU/GPU: OK

Distancias euclideas (debug):
  0.00   9.33   8.77   9.22   8.25   9.27   9.17   8.94   9.59   9.06   9.85   8.54   9.33   9.17   9.59   7.94   8.72   9.27   9.54   8.89   8.37   8.89   8.49   9.95   9.80   9.27   8.37   9.22   9.59  10.58   8.66   9.33 
  9.33   0.00   9.27   9.17   9.85   9.33   8.54   9.54  10.63   8.31   9.80   9.80   9.17   9.33   8.89   9.27   8.54   8.06   8.60   9.17   9.22   9.06   8.66   8.83   8.54   8.43  10.82   9.80   8.54   8.77   8.60   8.94 
  8.77   9.27   0.00   9.17   9.85   9.22   9.11   9.22   9.11   9.75   9.49   9.90   9.70   9.54   9.54   9.49  10.05   9.85   9.17   8.83   9.33   7.75   8.19  10.00   9.75   8.66   8.66   9.17   9.64   9.33   9.17   8.94 
  9.22   9.17   9.17   0.00   8.43  10.05   9.33   9.43   8.54   9.85   9.70   9.38   7.75   9.22   8.31   8.94   9.11   8.43   8.72   7.48   9.54   9.80   9.00   9.80   9.64   9.43   9.75   9.27   8.89   7.94   8.94   9.06 
  8.25   9.85   9.85   8.43   0.00  10.00   9.80  10.20  10.49   9.27   9.95   9.54   9.00   8.94  10.49   9.22  10.20   9.27   9.75   9.75   9.59  10.34   9.80  10.44   9.49  10.30  10.00   9.22   9.70   9.49   8.43   9.54 
  9.27   9.33   9.22  10.05  10.00   0.00   9.90   9.38  10.39   9.80   8.66  10.05   9.00   9.80   9.06  10.34  10.20   9.90   9.54   9.33  10.20   8.43   8.37  10.44   9.27  10.10  10.10   9.64   8.94   9.70   9.33  10.82 
  9.17   8.54   9.11   9.33   9.80   9.90   0.00   9.90   8.94   8.72   9.85   8.54   8.31   9.38   8.00   7.55   8.37   7.75   8.31  10.25   8.49   9.00   9.06   8.31   8.83   9.49   9.38   8.19   9.49   9.90   8.66   9.00 
  8.94   9.54   9.22   9.43  10.20   9.38   9.90   0.00   9.70   9.06   8.77   9.22   8.66   9.17   9.27   9.22   9.27   8.37   9.43   8.77   9.80   8.66   8.72   9.75   8.94  10.00   8.60   9.54   9.38   9.17   9.43   8.31 
  9.59  10.63   9.11   8.54  10.49  10.39   8.94   9.70   0.00  10.77   8.89   9.64   8.77   9.27   8.00   9.54   9.59   9.70  10.05   9.43   9.49   9.22   9.17  10.05  10.20  10.00   9.38   9.95   9.17   8.94   9.85   9.11 
  9.06   8.31   9.75   9.85   9.27   9.80   8.72   9.06  10.77   0.00  10.91   8.89   9.64   9.70  10.30   9.22   9.59   8.60   9.00   8.31   8.94  10.05   9.17   9.33   8.37   8.72   8.72   8.77   9.80  10.00   9.22   9.43 
  9.85   9.80   9.49   9.70   9.95   8.66   9.85   8.77   8.89  10.91   0.00  10.30   8.12   8.77   9.33   9.49   8.66   9.54   9.80   9.90   9.11   8.37   8.19   9.70   9.11   9.43   9.22  10.58   8.89   8.66   9.49   8.94 
  8.54   9.80   9.90   9.38   9.54  10.05   8.54   9.22   9.64   8.89  10.30   0.00  10.10  10.25   9.43   9.49   9.75  10.25   9.27   9.17   9.64   9.49   9.00   9.06   9.11  10.05   8.31   8.25  10.25  10.91   8.49   9.38 
  9.33   9.17   9.70   7.75   9.00   9.00   8.31   8.66   8.77   9.64   8.12  10.10   0.00   9.54   7.68   8.83   9.00   8.31   8.72   8.72   8.66   8.72   8.43   8.12   9.64   9.75   9.11   9.38   8.31   8.66   8.25   9.17 
  9.17   9.33   9.54   9.22   8.94   9.80   9.38   9.17   9.27   9.70   8.77  10.25   9.54   0.00   9.06   9.00   8.37   8.60   8.43   9.85   9.17   9.22   9.59   9.33   9.59  11.05   9.27  10.15   9.70   9.27   9.75   9.43 
  9.59   8.89   9.54   8.31  10.49   9.06   8.00   9.27   8.00  10.30   9.33   9.43   7.68   9.06   0.00   9.75   8.49   8.94   9.11   9.54   9.90   9.85   9.06   9.22   9.49   9.80  10.10  10.54   8.60   9.38   9.33   9.43 
  7.94   9.27   9.49   8.94   9.22  10.34   7.55   9.22   9.54   9.22   9.49   9.49   8.83   9.00   9.75   0.00   9.64   8.43   9.38   9.17   9.11   8.94   9.22   9.70   9.85   8.31   9.00   8.00   9.00   9.75   8.94   8.72 
  8.72   8.54  10.05   9.11  10.20  10.20   8.37   9.27   9.59   9.59   8.66   9.75   9.00   8.37   8.49   9.64   0.00   8.37   9.22   9.64   8.60   9.54   9.17   9.00   8.37   9.17   8.94  10.05  10.10   8.37   8.43   9.75 
  9.27   8.06   9.85   8.43   9.27   9.90   7.75   8.37   9.70   8.60   9.54  10.25   8.31   8.60   8.94   8.43   8.37   0.00   8.77   9.54   9.17   9.64   9.38   8.54   9.80   8.83  10.10   8.89   9.27   9.59   8.31   9.22 
  9.54   8.60   9.17   8.72   9.75   9.54   8.31   9.43  10.05   9.00   9.80   9.27   8.72   8.43   9.11   9.38   9.22   8.77   0.00   9.27   9.75   8.83   8.77   9.27   9.11  10.34   9.43   9.38   9.85   9.11   8.72  10.00 
  8.89   9.17   8.83   7.48   9.75   9.33  10.25   8.77   9.43   8.31   9.90   9.17   8.72   9.85   9.54   9.17   9.64   9.54   9.27   0.00   9.11   8.83   8.89  10.00   9.00   8.54   8.19   9.59   8.77   8.77   8.60   9.49 
  8.37   9.22   9.33   9.54   9.59  10.20   8.49   9.80   9.49   8.94   9.11   9.64   8.66   9.17   9.90   9.11   8.60   9.17   9.75   9.11   0.00   9.22   8.72   9.00   9.70   8.94   9.27   9.64   8.49  10.10   7.81   8.89 
  8.89   9.06   7.75   9.80  10.34   8.43   9.00   8.66   9.22  10.05   8.37   9.49   8.72   9.22   9.85   8.94   9.54   9.64   8.83   8.83   9.22   0.00   8.06   9.17   9.75   9.85   8.89   9.59   9.22   9.00   9.59   9.59 
  8.49   8.66   8.19   9.00   9.80   8.37   9.06   8.72   9.17   9.17   8.19   9.00   8.43   9.59   9.06   9.22   9.17   9.38   8.77   8.89   8.72   8.06   0.00   9.75   8.94   8.72   8.37   9.11   9.06   8.72   8.77  10.05 
  9.95   8.83  10.00   9.80  10.44  10.44   8.31   9.75  10.05   9.33   9.70   9.06   8.12   9.33   9.22   9.70   9.00   8.54   9.27  10.00   9.00   9.17   9.75   0.00  10.25   9.64  10.15   9.49  10.15  10.15   8.94   9.27 
  9.80   8.54   9.75   9.64   9.49   9.27   8.83   8.94  10.20   8.37   9.11   9.11   9.64   9.59   9.49   9.85   8.37   9.80   9.11   9.00   9.70   9.75   8.94  10.25   0.00   9.27   9.17   8.89   8.49   9.06   8.19   9.11 
  9.27   8.43   8.66   9.43  10.30  10.10   9.49  10.00  10.00   8.72   9.43  10.05   9.75  11.05   9.80   8.31   9.17   8.83  10.34   8.54   8.94   9.85   8.72   9.64   9.27   0.00  10.00   9.43   9.06   9.06   9.11   9.00 
  8.37  10.82   8.66   9.75  10.00  10.10   9.38   8.60   9.38   8.72   9.22   8.31   9.11   9.27  10.10   9.00   8.94  10.10   9.43   8.19   9.27   8.89   8.37  10.15   9.17  10.00   0.00   8.89  10.00   9.70   9.22   8.54 
  9.22   9.80   9.17   9.27   9.22   9.64   8.19   9.54   9.95   8.77  10.58   8.25   9.38  10.15  10.54   8.00  10.05   8.89   9.38   9.59   9.64   9.59   9.11   9.49   8.89   9.43   8.89   0.00   9.22  11.00   8.49   9.70 
  9.59   8.54   9.64   8.89   9.70   8.94   9.49   9.38   9.17   9.80   8.89  10.25   8.31   9.70   8.60   9.00  10.10   9.27   9.85   8.77   8.49   9.22   9.06  10.15   8.49   9.06  10.00   9.22   0.00   9.17   8.43   9.11 
 10.58   8.77   9.33   7.94   9.49   9.70   9.90   9.17   8.94  10.00   8.66  10.91   8.66   9.27   9.38   9.75   8.37   9.59   9.11   8.77  10.10   9.00   8.72  10.15   9.06   9.06   9.70  11.00   9.17   0.00   9.54   9.22 
  8.66   8.60   9.17   8.94   8.43   9.33   8.66   9.43   9.85   9.22   9.49   8.49   8.25   9.75   9.33   8.94   8.43   8.31   8.72   8.60   7.81   9.59   8.77   8.94   8.19   9.11   9.22   8.49   8.43   9.54   0.00   9.17 
  9.33   8.94   8.94   9.06   9.54  10.82   9.00   8.31   9.11   9.43   8.94   9.38   9.17   9.43   9.43   8.72   9.75   9.22  10.00   9.49   8.89   9.59  10.05   9.27   9.11   9.00   8.54   9.70   9.11   9.22   9.17   0.00 

============================================================
lab_wmma_u4
============================================================

---------------- lab_wmma_u4_1024x524288_profile.out ----------------
 Time (%)  Total Time (ns)  Instances    Avg (ns)      Med (ns)     Min (ns)    Max (ns)   StdDev (ns)   Style         Range       
 --------  ---------------  ---------  ------------  ------------  ----------  ----------  -----------  -------  ------------------
     97.0      622,707,842         10  62,270,784.2  62,100,940.0  61,873,137  64,192,977    691,077.3  PushPop  :XXT              
      2.6       16,424,742         10   1,642,474.2   1,642,586.0   1,633,604   1,663,177      8,639.6  PushPop  :Norms            
      0.4        2,452,396          1   2,452,396.0   2,452,396.0   2,452,396   2,452,396          0.0  PushPop  :GenX             
      0.0          227,995         10      22,799.5      22,985.0      21,944      23,514        564.8  PushPop  :CalculateDistance

---------------- lab_wmma_u4_1024x1048576_profile.out ----------------
 Time (%)  Total Time (ns)  Instances    Avg (ns)       Med (ns)      Min (ns)     Max (ns)    StdDev (ns)   Style         Range       
 --------  ---------------  ---------  -------------  -------------  -----------  -----------  -----------  -------  ------------------
     97.0    1,257,254,762         10  125,725,476.2  125,865,067.0  124,916,488  126,434,537    618,108.1  PushPop  :XXT              
      2.6       33,956,245         10    3,395,624.5    3,394,199.5    3,381,182    3,422,638     10,930.0  PushPop  :Norms            
      0.4        4,628,478          1    4,628,478.0    4,628,478.0    4,628,478    4,628,478          0.0  PushPop  :GenX             
      0.0          229,893         10       22,989.3       22,550.5       22,171       25,544      1,070.2  PushPop  :CalculateDistance

---------------- lab_wmma_u4_2048x1048576_profile.out ----------------
 Time (%)  Total Time (ns)  Instances    Avg (ns)       Med (ns)      Min (ns)     Max (ns)    StdDev (ns)   Style         Range       
 --------  ---------------  ---------  -------------  -------------  -----------  -----------  -----------  -------  ------------------
     98.5    4,923,014,184         10  492,301,418.4  492,318,700.5  490,782,179  493,289,208    883,620.5  PushPop  :XXT              
      1.3       67,279,532         10    6,727,953.2    6,724,185.5    6,716,003    6,747,971     11,116.8  PushPop  :Norms            
      0.2        9,054,905          1    9,054,905.0    9,054,905.0    9,054,905    9,054,905          0.0  PushPop  :GenX             
      0.0          628,939         10       62,893.9       62,808.5       62,572       63,492        320.1  PushPop  :CalculateDistance

---------------- lab_wmma_u4_4096x1048576_profile.out ----------------
 Time (%)  Total Time (ns)  Instances     Avg (ns)         Med (ns)        Min (ns)       Max (ns)     StdDev (ns)   Style         Range       
 --------  ---------------  ---------  ---------------  ---------------  -------------  -------------  -----------  -------  ------------------
     99.2   19,329,549,386         10  1,932,954,938.6  1,932,974,973.5  1,930,622,630  1,935,179,685  1,421,494.1  PushPop  :XXT              
      0.7      132,787,102         10     13,278,710.2     13,281,344.5     13,254,571     13,289,694     10,889.6  PushPop  :Norms            
      0.1       17,891,245          1     17,891,245.0     17,891,245.0     17,891,245     17,891,245          0.0  PushPop  :GenX             
      0.0        2,466,494         10        246,649.4        246,579.5        245,819        247,583        565.6  PushPop  :CalculateDistance

---------------- lab_wmma_u4_8192x1048576_profile.out ----------------
 Time (%)  Total Time (ns)  Instances     Avg (ns)         Med (ns)        Min (ns)       Max (ns)     StdDev (ns)   Style         Range       
 --------  ---------------  ---------  ---------------  ---------------  -------------  -------------  -----------  -------  ------------------
     99.6   76,596,282,944         10  7,659,628,294.4  7,659,790,434.0  7,656,045,335  7,662,459,782  2,298,597.2  PushPop  :XXT              
      0.3      262,838,252         10     26,283,825.2     26,282,475.5     26,257,606     26,314,224     15,579.8  PushPop  :Norms            
      0.0       35,640,250          1     35,640,250.0     35,640,250.0     35,640,250     35,640,250          0.0  PushPop  :GenX             
      0.0        9,677,600         10        967,760.0        967,609.5        966,748        968,788        655.2  PushPop  :CalculateDistance

---------------- lab_wmma_u4_32x64.out ----------------
Memoria usada: 16.00 MB
Iniciando con configuracion WMMA u4: Warp 4x4 | Size 8x8x32
Generando matriz genomica empaquetada X_int4 (32 individuos x 64 SNPs)...

X (debug):
1 0 1 1 2 2 0 0 2 2 0 2 1 2 1 2 0 0 1 1 1 1 0 2 0 2 0 2 2 1 0 2 0 0 0 1 0 2 1 0 1 2 0 0 1 1 1 1 1 0 2 2 1 1 2 0 2 2 0 2 2 0 2 0 
2 0 1 0 2 0 1 2 2 0 2 2 2 2 2 1 1 1 0 0 1 1 0 2 1 0 2 1 0 1 2 1 1 1 1 1 0 0 1 1 2 2 1 0 1 0 2 0 0 0 1 0 0 1 0 1 2 0 0 2 0 1 0 2 
1 1 0 2 0 1 1 0 2 0 2 1 0 2 1 0 2 1 0 2 1 2 0 0 2 2 1 0 2 1 2 2 0 0 0 2 0 1 0 2 1 0 2 0 2 1 0 2 0 1 2 2 0 1 2 0 2 1 1 2 2 1 0 1 
0 0 2 0 0 1 1 1 2 2 1 0 0 0 1 2 0 2 1 0 1 1 0 0 2 2 1 1 1 2 0 1 2 2 0 0 0 0 2 1 2 1 2 1 2 1 1 2 2 1 1 1 1 0 1 0 2 0 2 1 0 0 0 0 
1 0 2 2 2 2 0 0 2 2 1 1 1 1 2 0 0 0 2 0 1 0 0 0 0 2 0 2 2 1 1 0 2 1 1 0 1 2 0 2 2 2 0 2 0 1 2 2 1 2 0 2 0 2 2 0 2 1 2 1 0 1 0 0 
0 0 0 2 0 1 0 1 2 0 2 2 0 2 1 0 2 0 2 0 2 0 0 1 0 1 2 0 1 2 0 0 0 1 2 1 0 2 2 1 0 2 1 0 0 2 0 0 2 2 2 2 0 0 0 2 0 0 0 1 2 1 1 1 
1 0 0 1 2 2 0 1 2 1 2 1 1 0 0 1 0 2 1 1 0 1 1 2 2 0 2 1 1 0 2 0 1 1 0 1 1 1 0 2 1 1 2 0 2 0 2 1 1 2 2 0 2 2 0 1 1 2 0 0 2 2 2 0 
0 2 1 0 0 0 0 2 0 2 0 1 1 2 1 0 1 0 0 2 2 2 1 1 1 1 0 2 1 0 2 1 1 0 2 0 0 0 1 0 0 1 2 2 1 0 0 1 2 1 1 2 0 1 0 2 1 1 1 2 2 0 2 0 
2 1 2 0 1 1 2 0 1 0 0 2 0 0 0 2 2 2 1 1 0 0 2 1 2 2 1 2 0 1 0 1 2 1 2 2 0 0 0 2 0 0 2 1 2 2 0 2 2 1 2 1 1 1 2 0 0 2 1 0 2 0 1 0 
1 1 1 2 2 2 2 2 0 2 2 0 2 1 2 2 1 1 0 0 1 2 0 2 0 1 1 2 2 0 1 2 0 1 2 0 0 2 1 1 0 1 2 1 0 1 2 2 0 1 1 1 1 2 0 2 2 0 0 0 1 2 1 2 
2 0 0 0 0 1 2 0 1 1 0 2 0 2 1 1 1 0 2 2 0 2 1 0 1 1 0 0 1 1 2 0 2 0 2 2 2 0 2 1 0 2 0 2 1 2 0 0 2 2 2 0 0 0 1 1 0 0 1 1 1 2 1 0 
0 2 0 0 0 2 0 0 0 2 0 2 1 2 0 2 0 1 1 0 0 0 1 2 2 0 0 2 1 2 1 2 0 1 0 0 1 1 0 2 1 2 2 1 0 2 2 1 2 1 1 2 2 2 0 1 2 2 1 1 2 2 0 2 
0 1 1 0 1 0 1 0 2 1 1 0 1 0 0 2 1 0 2 1 1 1 0 1 0 1 2 1 1 1 1 0 2 0 1 2 0 1 2 1 2 0 1 2 2 0 1 0 2 1 0 1 1 1 1 1 0 0 2 0 1 2 2 0 
0 0 2 1 2 1 2 1 2 2 2 2 0 2 1 0 0 1 0 2 1 1 2 2 0 2 2 0 1 0 1 1 2 2 2 0 2 0 1 2 0 1 1 2 0 2 0 0 1 1 2 1 1 1 2 0 2 2 2 2 0 1 2 1 
0 0 1 0 0 0 1 1 1 0 2 1 0 0 0 1 1 2 2 2 0 0 0 2 1 0 2 1 0 1 0 2 2 1 0 0 0 1 0 2 0 2 2 1 2 1 0 0 2 0 0 0 0 1 1 0 0 1 0 1 1 1 2 0 
0 0 1 0 2 2 2 1 2 2 1 1 0 2 2 1 1 2 2 1 1 2 1 2 2 1 0 2 2 0 0 0 1 0 0 1 2 1 0 0 2 0 0 0 2 0 1 0 1 2 2 1 1 2 0 1 2 2 1 0 1 0 2 1 
2 0 0 1 2 1 0 1 1 2 1 1 1 2 0 2 0 2 0 2 0 2 1 2 0 0 2 0 0 2 1 2 2 1 2 0 2 1 1 0 1 2 1 2 2 0 1 1 1 2 1 0 2 0 2 0 0 1 0 2 1 0 1 1 
1 1 2 1 1 1 0 2 2 0 1 0 0 0 2 0 0 0 0 0 0 2 0 2 0 2 1 1 0 0 1 0 1 0 1 0 2 0 1 1 1 1 2 2 2 0 2 1 1 1 2 0 2 1 0 1 1 1 0 1 0 0 2 1 
0 1 2 1 2 2 0 1 2 2 2 1 1 1 1 0 2 2 0 0 0 2 1 2 2 2 2 0 0 2 2 2 0 1 0 1 0 1 2 2 0 1 0 2 1 1 1 0 1 1 0 0 1 0 0 2 2 2 2 1 1 2 1 0 
0 2 2 1 1 1 1 0 0 2 0 1 0 2 2 2 2 2 0 1 2 2 0 0 1 1 1 1 2 2 0 1 0 2 1 0 0 1 2 1 2 0 2 0 2 2 2 1 2 0 1 1 0 1 2 2 1 0 0 1 0 1 1 1 
2 1 1 1 2 0 1 1 2 2 0 1 2 0 1 1 1 0 0 1 0 2 2 2 1 0 1 0 2 0 1 1 1 1 1 0 2 2 2 1 2 1 0 0 2 2 0 1 1 0 2 2 2 2 2 0 1 0 0 0 2 2 0 0 
2 1 0 0 0 2 1 0 2 1 2 2 0 2 1 0 1 1 0 1 2 1 2 0 1 2 2 0 2 2 1 2 0 0 2 2 1 0 1 0 2 1 1 1 2 1 1 0 1 0 2 2 0 2 0 2 0 2 1 1 2 2 1 0 
1 1 0 1 1 0 2 0 2 2 1 1 1 2 1 0 0 1 1 0 2 1 0 1 2 2 0 0 0 1 1 1 0 0 1 2 0 1 0 0 0 2 1 0 1 1 0 1 2 0 1 0 2 1 2 2 0 0 1 1 2 2 0 1 
1 2 0 0 1 0 1 0 2 1 1 2 2 0 0 2 0 0 0 2 0 0 1 2 0 0 2 0 1 0 0 1 0 0 0 0 2 1 1 1 1 0 2 2 1 0 2 1 0 1 2 0 0 0 0 2 1 2 2 0 0 2 0 1 
2 0 0 2 0 2 1 2 0 1 1 2 2 2 1 1 2 2 2 1 2 0 2 1 1 0 0 0 1 1 2 1 1 2 1 0 0 1 2 1 0 1 1 2 1 0 2 1 1 2 0 0 2 2 2 2 2 0 0 2 1 1 1 1 
2 2 0 2 2 0 2 2 1 0 0 0 1 2 2 2 2 2 2 1 0 2 0 0 2 1 0 0 2 0 0 1 0 0 0 1 1 1 1 0 1 2 1 0 2 1 2 1 0 1 1 1 1 1 0 0 0 1 0 1 0 0 0 2 
0 2 1 2 1 2 0 0 0 2 1 0 0 2 1 2 0 1 1 2 2 2 2 0 1 0 0 2 2 2 1 2 1 0 2 2 1 2 1 1 0 0 1 1 1 1 0 1 2 0 2 0 2 1 2 1 2 2 1 1 2 2 1 2 
0 0 0 2 0 2 0 0 1 0 1 0 2 1 2 1 1 2 0 0 0 0 1 2 2 2 0 2 2 0 1 0 1 1 1 1 2 2 1 0 1 0 2 0 1 0 2 0 2 2 1 2 2 1 1 2 2 2 2 1 2 1 0 2 
1 0 1 1 1 0 1 2 0 0 2 1 0 0 1 1 2 0 2 0 1 0 0 2 2 0 0 0 2 0 1 1 2 2 1 2 1 0 2 0 2 0 0 1 1 2 1 0 2 0 1 1 0 2 2 2 1 1 0 1 1 0 0 0 
2 2 1 0 2 2 2 2 2 1 1 0 0 1 1 0 1 2 1 2 2 2 1 0 1 0 1 0 0 2 0 1 2 2 2 2 0 0 1 1 2 1 1 1 0 1 1 2 1 2 0 0 0 0 1 1 0 0 2 2 1 0 0 0 
1 1 1 2 1 2 0 0 1 2 0 1 1 2 0 0 2 0 1 0 0 0 0 2 1 0 1 0 0 1 1 0 1 0 1 0 2 2 2 1 2 0 1 1 2 1 2 1 1 0 0 0 1 2 1 0 2 0 1 1 2 0 0 1 
0 2 2 1 0 1 2 2 0 1 1 2 2 1 1 1 0 1 1 2 0 1 2 0 2 0 0 2 2 0 1 0 2 1 1 2 1 1 1 2 2 1 0 2 2 0 1 2 0 0 2 1 0 0 0 0 2 1 0 2 2 1 1 1 
Normas finalizado.
XXT con tensor cores finalizado
Normas (debug):
108 95 111 95 116 98 108 94 114 122 99 117 85 128 76 113 110 84 117 111 110 117 86 85 120 96 126 115 90 106 85 111 
Validacion CPU/GPU: OK
  0.00   9.33   8.77   9.22   8.25   9.27   9.17   8.94   9.59   9.06   9.85   8.54   9.33   9.17   9.59   7.94   8.72   9.27   9.54   8.89   8.37   8.89   8.49   9.95   9.80   9.27   8.37   9.22   9.59  10.58   8.66   9.33 
  9.33   0.00   9.27   9.17   9.85   9.33   8.54   9.54  10.63   8.31   9.80   9.80   9.17   9.33   8.89   9.27   8.54   8.06   8.60   9.17   9.22   9.06   8.66   8.83   8.54   8.43  10.82   9.80   8.54   8.77   8.60   8.94 
  8.77   9.27   0.00   9.17   9.85   9.22   9.11   9.22   9.11   9.75   9.49   9.90   9.70   9.54   9.54   9.49  10.05   9.85   9.17   8.83   9.33   7.75   8.19  10.00   9.75   8.66   8.66   9.17   9.64   9.33   9.17   8.94 
  9.22   9.17   9.17   0.00   8.43  10.05   9.33   9.43   8.54   9.85   9.70   9.38   7.75   9.22   8.31   8.94   9.11   8.43   8.72   7.48   9.54   9.80   9.00   9.80   9.64   9.43   9.75   9.27   8.89   7.94   8.94   9.06 
  8.25   9.85   9.85   8.43   0.00  10.00   9.80  10.20  10.49   9.27   9.95   9.54   9.00   8.94  10.49   9.22  10.20   9.27   9.75   9.75   9.59  10.34   9.80  10.44   9.49  10.30  10.00   9.22   9.70   9.49   8.43   9.54 
  9.27   9.33   9.22  10.05  10.00   0.00   9.90   9.38  10.39   9.80   8.66  10.05   9.00   9.80   9.06  10.34  10.20   9.90   9.54   9.33  10.20   8.43   8.37  10.44   9.27  10.10  10.10   9.64   8.94   9.70   9.33  10.82 
  9.17   8.54   9.11   9.33   9.80   9.90   0.00   9.90   8.94   8.72   9.85   8.54   8.31   9.38   8.00   7.55   8.37   7.75   8.31  10.25   8.49   9.00   9.06   8.31   8.83   9.49   9.38   8.19   9.49   9.90   8.66   9.00 
  8.94   9.54   9.22   9.43  10.20   9.38   9.90   0.00   9.70   9.06   8.77   9.22   8.66   9.17   9.27   9.22   9.27   8.37   9.43   8.77   9.80   8.66   8.72   9.75   8.94  10.00   8.60   9.54   9.38   9.17   9.43   8.31 
  9.59  10.63   9.11   8.54  10.49  10.39   8.94   9.70   0.00  10.77   8.89   9.64   8.77   9.27   8.00   9.54   9.59   9.70  10.05   9.43   9.49   9.22   9.17  10.05  10.20  10.00   9.38   9.95   9.17   8.94   9.85   9.11 
  9.06   8.31   9.75   9.85   9.27   9.80   8.72   9.06  10.77   0.00  10.91   8.89   9.64   9.70  10.30   9.22   9.59   8.60   9.00   8.31   8.94  10.05   9.17   9.33   8.37   8.72   8.72   8.77   9.80  10.00   9.22   9.43 
  9.85   9.80   9.49   9.70   9.95   8.66   9.85   8.77   8.89  10.91   0.00  10.30   8.12   8.77   9.33   9.49   8.66   9.54   9.80   9.90   9.11   8.37   8.19   9.70   9.11   9.43   9.22  10.58   8.89   8.66   9.49   8.94 
  8.54   9.80   9.90   9.38   9.54  10.05   8.54   9.22   9.64   8.89  10.30   0.00  10.10  10.25   9.43   9.49   9.75  10.25   9.27   9.17   9.64   9.49   9.00   9.06   9.11  10.05   8.31   8.25  10.25  10.91   8.49   9.38 
  9.33   9.17   9.70   7.75   9.00   9.00   8.31   8.66   8.77   9.64   8.12  10.10   0.00   9.54   7.68   8.83   9.00   8.31   8.72   8.72   8.66   8.72   8.43   8.12   9.64   9.75   9.11   9.38   8.31   8.66   8.25   9.17 
  9.17   9.33   9.54   9.22   8.94   9.80   9.38   9.17   9.27   9.70   8.77  10.25   9.54   0.00   9.06   9.00   8.37   8.60   8.43   9.85   9.17   9.22   9.59   9.33   9.59  11.05   9.27  10.15   9.70   9.27   9.75   9.43 
  9.59   8.89   9.54   8.31  10.49   9.06   8.00   9.27   8.00  10.30   9.33   9.43   7.68   9.06   0.00   9.75   8.49   8.94   9.11   9.54   9.90   9.85   9.06   9.22   9.49   9.80  10.10  10.54   8.60   9.38   9.33   9.43 
  7.94   9.27   9.49   8.94   9.22  10.34   7.55   9.22   9.54   9.22   9.49   9.49   8.83   9.00   9.75   0.00   9.64   8.43   9.38   9.17   9.11   8.94   9.22   9.70   9.85   8.31   9.00   8.00   9.00   9.75   8.94   8.72 
  8.72   8.54  10.05   9.11  10.20  10.20   8.37   9.27   9.59   9.59   8.66   9.75   9.00   8.37   8.49   9.64   0.00   8.37   9.22   9.64   8.60   9.54   9.17   9.00   8.37   9.17   8.94  10.05  10.10   8.37   8.43   9.75 
  9.27   8.06   9.85   8.43   9.27   9.90   7.75   8.37   9.70   8.60   9.54  10.25   8.31   8.60   8.94   8.43   8.37   0.00   8.77   9.54   9.17   9.64   9.38   8.54   9.80   8.83  10.10   8.89   9.27   9.59   8.31   9.22 
  9.54   8.60   9.17   8.72   9.75   9.54   8.31   9.43  10.05   9.00   9.80   9.27   8.72   8.43   9.11   9.38   9.22   8.77   0.00   9.27   9.75   8.83   8.77   9.27   9.11  10.34   9.43   9.38   9.85   9.11   8.72  10.00 
  8.89   9.17   8.83   7.48   9.75   9.33  10.25   8.77   9.43   8.31   9.90   9.17   8.72   9.85   9.54   9.17   9.64   9.54   9.27   0.00   9.11   8.83   8.89  10.00   9.00   8.54   8.19   9.59   8.77   8.77   8.60   9.49 
  8.37   9.22   9.33   9.54   9.59  10.20   8.49   9.80   9.49   8.94   9.11   9.64   8.66   9.17   9.90   9.11   8.60   9.17   9.75   9.11   0.00   9.22   8.72   9.00   9.70   8.94   9.27   9.64   8.49  10.10   7.81   8.89 
  8.89   9.06   7.75   9.80  10.34   8.43   9.00   8.66   9.22  10.05   8.37   9.49   8.72   9.22   9.85   8.94   9.54   9.64   8.83   8.83   9.22   0.00   8.06   9.17   9.75   9.85   8.89   9.59   9.22   9.00   9.59   9.59 
  8.49   8.66   8.19   9.00   9.80   8.37   9.06   8.72   9.17   9.17   8.19   9.00   8.43   9.59   9.06   9.22   9.17   9.38   8.77   8.89   8.72   8.06   0.00   9.75   8.94   8.72   8.37   9.11   9.06   8.72   8.77  10.05 
  9.95   8.83  10.00   9.80  10.44  10.44   8.31   9.75  10.05   9.33   9.70   9.06   8.12   9.33   9.22   9.70   9.00   8.54   9.27  10.00   9.00   9.17   9.75   0.00  10.25   9.64  10.15   9.49  10.15  10.15   8.94   9.27 
  9.80   8.54   9.75   9.64   9.49   9.27   8.83   8.94  10.20   8.37   9.11   9.11   9.64   9.59   9.49   9.85   8.37   9.80   9.11   9.00   9.70   9.75   8.94  10.25   0.00   9.27   9.17   8.89   8.49   9.06   8.19   9.11 
  9.27   8.43   8.66   9.43  10.30  10.10   9.49  10.00  10.00   8.72   9.43  10.05   9.75  11.05   9.80   8.31   9.17   8.83  10.34   8.54   8.94   9.85   8.72   9.64   9.27   0.00  10.00   9.43   9.06   9.06   9.11   9.00 
  8.37  10.82   8.66   9.75  10.00  10.10   9.38   8.60   9.38   8.72   9.22   8.31   9.11   9.27  10.10   9.00   8.94  10.10   9.43   8.19   9.27   8.89   8.37  10.15   9.17  10.00   0.00   8.89  10.00   9.70   9.22   8.54 
  9.22   9.80   9.17   9.27   9.22   9.64   8.19   9.54   9.95   8.77  10.58   8.25   9.38  10.15  10.54   8.00  10.05   8.89   9.38   9.59   9.64   9.59   9.11   9.49   8.89   9.43   8.89   0.00   9.22  11.00   8.49   9.70 
  9.59   8.54   9.64   8.89   9.70   8.94   9.49   9.38   9.17   9.80   8.89  10.25   8.31   9.70   8.60   9.00  10.10   9.27   9.85   8.77   8.49   9.22   9.06  10.15   8.49   9.06  10.00   9.22   0.00   9.17   8.43   9.11 
 10.58   8.77   9.33   7.94   9.49   9.70   9.90   9.17   8.94  10.00   8.66  10.91   8.66   9.27   9.38   9.75   8.37   9.59   9.11   8.77  10.10   9.00   8.72  10.15   9.06   9.06   9.70  11.00   9.17   0.00   9.54   9.22 
  8.66   8.60   9.17   8.94   8.43   9.33   8.66   9.43   9.85   9.22   9.49   8.49   8.25   9.75   9.33   8.94   8.43   8.31   8.72   8.60   7.81   9.59   8.77   8.94   8.19   9.11   9.22   8.49   8.43   9.54   0.00   9.17 
  9.33   8.94   8.94   9.06   9.54  10.82   9.00   8.31   9.11   9.43   8.94   9.38   9.17   9.43   9.43   8.72   9.75   9.22  10.00   9.49   8.89   9.59  10.05   9.27   9.11   9.00   8.54   9.70   9.11   9.22   9.17   0.00 

============================================================
lab_wmma_u8
============================================================

---------------- lab_wmma_u8_1024x524288_profile.out ----------------
 Time (%)  Total Time (ns)  Instances    Avg (ns)      Med (ns)     Min (ns)    Max (ns)   StdDev (ns)   Style         Range       
 --------  ---------------  ---------  ------------  ------------  ----------  ----------  -----------  -------  ------------------
     94.4      661,310,102         10  66,131,010.2  66,104,923.5  64,801,470  67,865,397    752,693.4  PushPop  :XXT              
      5.0       35,057,836         10   3,505,783.6   3,503,706.0   3,495,465   3,535,849     11,709.1  PushPop  :Norms            
      0.6        4,198,521          1   4,198,521.0   4,198,521.0   4,198,521   4,198,521          0.0  PushPop  :GenX             
      0.0          228,479         10      22,847.9      22,317.5      21,738      27,118      1,595.2  PushPop  :CalculateDistance

---------------- lab_wmma_u8_1024x1048576_profile.out ----------------
 Time (%)  Total Time (ns)  Instances    Avg (ns)       Med (ns)      Min (ns)     Max (ns)    StdDev (ns)   Style         Range       
 --------  ---------------  ---------  -------------  -------------  -----------  -----------  -----------  -------  ------------------
     94.5    1,404,890,798         10  140,489,079.8  140,527,676.0  137,450,753  142,916,145  1,933,495.6  PushPop  :XXT              
      4.9       73,171,954         10    7,317,195.4    7,314,140.5    7,303,474    7,338,456     12,396.1  PushPop  :Norms            
      0.5        8,106,772          1    8,106,772.0    8,106,772.0    8,106,772    8,106,772          0.0  PushPop  :GenX             
      0.0          277,811         10       27,781.1       22,722.5       22,048       54,362     10,213.4  PushPop  :CalculateDistance

---------------- lab_wmma_u8_2048x1048576_profile.out ----------------
 Time (%)  Total Time (ns)  Instances    Avg (ns)       Med (ns)      Min (ns)     Max (ns)    StdDev (ns)   Style         Range       
 --------  ---------------  ---------  -------------  -------------  -----------  -----------  -----------  -------  ------------------
     97.1    5,492,460,975         10  549,246,097.5  549,328,694.0  546,799,417  552,446,707  1,815,480.2  PushPop  :XXT              
      2.6      144,772,790         10   14,477,279.0   14,476,089.5   14,457,286   14,523,549     18,893.7  PushPop  :Norms            
      0.3       15,930,640          1   15,930,640.0   15,930,640.0   15,930,640   15,930,640          0.0  PushPop  :GenX             
      0.0          628,009         10       62,800.9       62,932.5       62,164       63,232        345.9  PushPop  :CalculateDistance

---------------- lab_wmma_u8_4096x1048576_profile.out ----------------
 Time (%)  Total Time (ns)  Instances     Avg (ns)         Med (ns)        Min (ns)       Max (ns)     StdDev (ns)   Style         Range       
 --------  ---------------  ---------  ---------------  ---------------  -------------  -------------  -----------  -------  ------------------
     98.5   21,261,022,009         10  2,126,102,200.9  2,126,612,496.5  2,120,356,746  2,133,236,134  3,961,834.4  PushPop  :XXT              
      1.3      285,757,244         10     28,575,724.4     28,584,397.5     28,529,586     28,617,345     27,987.0  PushPop  :Norms            
      0.1       31,592,884          1     31,592,884.0     31,592,884.0     31,592,884     31,592,884          0.0  PushPop  :GenX             
      0.0        2,457,388         10        245,738.8        245,774.0        245,001        246,399        403.1  PushPop  :CalculateDistance

---------------- lab_wmma_u8_8192x1048576_profile.out ----------------
 Time (%)  Total Time (ns)  Instances     Avg (ns)         Med (ns)        Min (ns)       Max (ns)     StdDev (ns)   Style         Range       
 --------  ---------------  ---------  ---------------  ---------------  -------------  -------------  -----------  -------  ------------------
     99.2   83,527,919,518         10  8,352,791,951.8  8,353,506,201.0  8,343,866,739  8,357,557,554  4,289,363.7  PushPop  :XXT              
      0.7      566,612,118         10     56,661,211.8     56,661,315.5     56,623,889     56,695,344     24,102.2  PushPop  :Norms            
      0.1       62,898,863          1     62,898,863.0     62,898,863.0     62,898,863     62,898,863          0.0  PushPop  :GenX             
      0.0        9,687,370         10        968,737.0        968,950.5        966,364        969,977        969.3  PushPop  :CalculateDistance

---------------- lab_wmma_u8_32x64.out ----------------
Memoria usada: 32.00 MB
Iniciando con configuracion WMMA: Warp 4x4 | Size 16x16x16
Generando matriz genomica X (32 individuos x 64 SNPs)...

X (debug):
1 0 1 1 2 2 0 0 2 2 0 2 1 2 1 2 0 0 1 1 1 1 0 2 0 2 0 2 2 1 0 2 0 0 0 1 0 2 1 0 1 2 0 0 1 1 1 1 1 0 2 2 1 1 2 0 2 2 0 2 2 0 2 0 
2 0 1 0 2 0 1 2 2 0 2 2 2 2 2 1 1 1 0 0 1 1 0 2 1 0 2 1 0 1 2 1 1 1 1 1 0 0 1 1 2 2 1 0 1 0 2 0 0 0 1 0 0 1 0 1 2 0 0 2 0 1 0 2 
1 1 0 2 0 1 1 0 2 0 2 1 0 2 1 0 2 1 0 2 1 2 0 0 2 2 1 0 2 1 2 2 0 0 0 2 0 1 0 2 1 0 2 0 2 1 0 2 0 1 2 2 0 1 2 0 2 1 1 2 2 1 0 1 
0 0 2 0 0 1 1 1 2 2 1 0 0 0 1 2 0 2 1 0 1 1 0 0 2 2 1 1 1 2 0 1 2 2 0 0 0 0 2 1 2 1 2 1 2 1 1 2 2 1 1 1 1 0 1 0 2 0 2 1 0 0 0 0 
1 0 2 2 2 2 0 0 2 2 1 1 1 1 2 0 0 0 2 0 1 0 0 0 0 2 0 2 2 1 1 0 2 1 1 0 1 2 0 2 2 2 0 2 0 1 2 2 1 2 0 2 0 2 2 0 2 1 2 1 0 1 0 0 
0 0 0 2 0 1 0 1 2 0 2 2 0 2 1 0 2 0 2 0 2 0 0 1 0 1 2 0 1 2 0 0 0 1 2 1 0 2 2 1 0 2 1 0 0 2 0 0 2 2 2 2 0 0 0 2 0 0 0 1 2 1 1 1 
1 0 0 1 2 2 0 1 2 1 2 1 1 0 0 1 0 2 1 1 0 1 1 2 2 0 2 1 1 0 2 0 1 1 0 1 1 1 0 2 1 1 2 0 2 0 2 1 1 2 2 0 2 2 0 1 1 2 0 0 2 2 2 0 
0 2 1 0 0 0 0 2 0 2 0 1 1 2 1 0 1 0 0 2 2 2 1 1 1 1 0 2 1 0 2 1 1 0 2 0 0 0 1 0 0 1 2 2 1 0 0 1 2 1 1 2 0 1 0 2 1 1 1 2 2 0 2 0 
2 1 2 0 1 1 2 0 1 0 0 2 0 0 0 2 2 2 1 1 0 0 2 1 2 2 1 2 0 1 0 1 2 1 2 2 0 0 0 2 0 0 2 1 2 2 0 2 2 1 2 1 1 1 2 0 0 2 1 0 2 0 1 0 
1 1 1 2 2 2 2 2 0 2 2 0 2 1 2 2 1 1 0 0 1 2 0 2 0 1 1 2 2 0 1 2 0 1 2 0 0 2 1 1 0 1 2 1 0 1 2 2 0 1 1 1 1 2 0 2 2 0 0 0 1 2 1 2 
2 0 0 0 0 1 2 0 1 1 0 2 0 2 1 1 1 0 2 2 0 2 1 0 1 1 0 0 1 1 2 0 2 0 2 2 2 0 2 1 0 2 0 2 1 2 0 0 2 2 2 0 0 0 1 1 0 0 1 1 1 2 1 0 
0 2 0 0 0 2 0 0 0 2 0 2 1 2 0 2 0 1 1 0 0 0 1 2 2 0 0 2 1 2 1 2 0 1 0 0 1 1 0 2 1 2 2 1 0 2 2 1 2 1 1 2 2 2 0 1 2 2 1 1 2 2 0 2 
0 1 1 0 1 0 1 0 2 1 1 0 1 0 0 2 1 0 2 1 1 1 0 1 0 1 2 1 1 1 1 0 2 0 1 2 0 1 2 1 2 0 1 2 2 0 1 0 2 1 0 1 1 1 1 1 0 0 2 0 1 2 2 0 
0 0 2 1 2 1 2 1 2 2 2 2 0 2 1 0 0 1 0 2 1 1 2 2 0 2 2 0 1 0 1 1 2 2 2 0 2 0 1 2 0 1 1 2 0 2 0 0 1 1 2 1 1 1 2 0 2 2 2 2 0 1 2 1 
0 0 1 0 0 0 1 1 1 0 2 1 0 0 0 1 1 2 2 2 0 0 0 2 1 0 2 1 0 1 0 2 2 1 0 0 0 1 0 2 0 2 2 1 2 1 0 0 2 0 0 0 0 1 1 0 0 1 0 1 1 1 2 0 
0 0 1 0 2 2 2 1 2 2 1 1 0 2 2 1 1 2 2 1 1 2 1 2 2 1 0 2 2 0 0 0 1 0 0 1 2 1 0 0 2 0 0 0 2 0 1 0 1 2 2 1 1 2 0 1 2 2 1 0 1 0 2 1 
2 0 0 1 2 1 0 1 1 2 1 1 1 2 0 2 0 2 0 2 0 2 1 2 0 0 2 0 0 2 1 2 2 1 2 0 2 1 1 0 1 2 1 2 2 0 1 1 1 2 1 0 2 0 2 0 0 1 0 2 1 0 1 1 
1 1 2 1 1 1 0 2 2 0 1 0 0 0 2 0 0 0 0 0 0 2 0 2 0 2 1 1 0 0 1 0 1 0 1 0 2 0 1 1 1 1 2 2 2 0 2 1 1 1 2 0 2 1 0 1 1 1 0 1 0 0 2 1 
0 1 2 1 2 2 0 1 2 2 2 1 1 1 1 0 2 2 0 0 0 2 1 2 2 2 2 0 0 2 2 2 0 1 0 1 0 1 2 2 0 1 0 2 1 1 1 0 1 1 0 0 1 0 0 2 2 2 2 1 1 2 1 0 
0 2 2 1 1 1 1 0 0 2 0 1 0 2 2 2 2 2 0 1 2 2 0 0 1 1 1 1 2 2 0 1 0 2 1 0 0 1 2 1 2 0 2 0 2 2 2 1 2 0 1 1 0 1 2 2 1 0 0 1 0 1 1 1 
2 1 1 1 2 0 1 1 2 2 0 1 2 0 1 1 1 0 0 1 0 2 2 2 1 0 1 0 2 0 1 1 1 1 1 0 2 2 2 1 2 1 0 0 2 2 0 1 1 0 2 2 2 2 2 0 1 0 0 0 2 2 0 0 
2 1 0 0 0 2 1 0 2 1 2 2 0 2 1 0 1 1 0 1 2 1 2 0 1 2 2 0 2 2 1 2 0 0 2 2 1 0 1 0 2 1 1 1 2 1 1 0 1 0 2 2 0 2 0 2 0 2 1 1 2 2 1 0 
1 1 0 1 1 0 2 0 2 2 1 1 1 2 1 0 0 1 1 0 2 1 0 1 2 2 0 0 0 1 1 1 0 0 1 2 0 1 0 0 0 2 1 0 1 1 0 1 2 0 1 0 2 1 2 2 0 0 1 1 2 2 0 1 
1 2 0 0 1 0 1 0 2 1 1 2 2 0 0 2 0 0 0 2 0 0 1 2 0 0 2 0 1 0 0 1 0 0 0 0 2 1 1 1 1 0 2 2 1 0 2 1 0 1 2 0 0 0 0 2 1 2 2 0 0 2 0 1 
2 0 0 2 0 2 1 2 0 1 1 2 2 2 1 1 2 2 2 1 2 0 2 1 1 0 0 0 1 1 2 1 1 2 1 0 0 1 2 1 0 1 1 2 1 0 2 1 1 2 0 0 2 2 2 2 2 0 0 2 1 1 1 1 
2 2 0 2 2 0 2 2 1 0 0 0 1 2 2 2 2 2 2 1 0 2 0 0 2 1 0 0 2 0 0 1 0 0 0 1 1 1 1 0 1 2 1 0 2 1 2 1 0 1 1 1 1 1 0 0 0 1 0 1 0 0 0 2 
0 2 1 2 1 2 0 0 0 2 1 0 0 2 1 2 0 1 1 2 2 2 2 0 1 0 0 2 2 2 1 2 1 0 2 2 1 2 1 1 0 0 1 1 1 1 0 1 2 0 2 0 2 1 2 1 2 2 1 1 2 2 1 2 
0 0 0 2 0 2 0 0 1 0 1 0 2 1 2 1 1 2 0 0 0 0 1 2 2 2 0 2 2 0 1 0 1 1 1 1 2 2 1 0 1 0 2 0 1 0 2 0 2 2 1 2 2 1 1 2 2 2 2 1 2 1 0 2 
1 0 1 1 1 0 1 2 0 0 2 1 0 0 1 1 2 0 2 0 1 0 0 2 2 0 0 0 2 0 1 1 2 2 1 2 1 0 2 0 2 0 0 1 1 2 1 0 2 0 1 1 0 2 2 2 1 1 0 1 1 0 0 0 
2 2 1 0 2 2 2 2 2 1 1 0 0 1 1 0 1 2 1 2 2 2 1 0 1 0 1 0 0 2 0 1 2 2 2 2 0 0 1 1 2 1 1 1 0 1 1 2 1 2 0 0 0 0 1 1 0 0 2 2 1 0 0 0 
1 1 1 2 1 2 0 0 1 2 0 1 1 2 0 0 2 0 1 0 0 0 0 2 1 0 1 0 0 1 1 0 1 0 1 0 2 2 2 1 2 0 1 1 2 1 2 1 1 0 0 0 1 2 1 0 2 0 1 1 2 0 0 1 
0 2 2 1 0 1 2 2 0 1 1 2 2 1 1 1 0 1 1 2 0 1 2 0 2 0 0 2 2 0 1 0 2 1 1 2 1 1 1 2 2 1 0 2 2 0 1 2 0 0 2 1 0 0 0 0 2 1 0 2 2 1 1 1 
Normas finalizado.
SYRK con tensor cores finalizado
Normas (debug):
108 95 111 95 116 98 108 94 114 122 99 117 85 128 76 113 110 84 117 111 110 117 86 85 120 96 126 115 90 106 85 111 
Validacion CPU/GPU: OK
  0.00   9.33   8.77   9.22   8.25   9.27   9.17   8.94   9.59   9.06   9.85   8.54   9.33   9.17   9.59   7.94   8.72   9.27   9.54   8.89   8.37   8.89   8.49   9.95   9.80   9.27   8.37   9.22   9.59  10.58   8.66   9.33 
  9.33   0.00   9.27   9.17   9.85   9.33   8.54   9.54  10.63   8.31   9.80   9.80   9.17   9.33   8.89   9.27   8.54   8.06   8.60   9.17   9.22   9.06   8.66   8.83   8.54   8.43  10.82   9.80   8.54   8.77   8.60   8.94 
  8.77   9.27   0.00   9.17   9.85   9.22   9.11   9.22   9.11   9.75   9.49   9.90   9.70   9.54   9.54   9.49  10.05   9.85   9.17   8.83   9.33   7.75   8.19  10.00   9.75   8.66   8.66   9.17   9.64   9.33   9.17   8.94 
  9.22   9.17   9.17   0.00   8.43  10.05   9.33   9.43   8.54   9.85   9.70   9.38   7.75   9.22   8.31   8.94   9.11   8.43   8.72   7.48   9.54   9.80   9.00   9.80   9.64   9.43   9.75   9.27   8.89   7.94   8.94   9.06 
  8.25   9.85   9.85   8.43   0.00  10.00   9.80  10.20  10.49   9.27   9.95   9.54   9.00   8.94  10.49   9.22  10.20   9.27   9.75   9.75   9.59  10.34   9.80  10.44   9.49  10.30  10.00   9.22   9.70   9.49   8.43   9.54 
  9.27   9.33   9.22  10.05  10.00   0.00   9.90   9.38  10.39   9.80   8.66  10.05   9.00   9.80   9.06  10.34  10.20   9.90   9.54   9.33  10.20   8.43   8.37  10.44   9.27  10.10  10.10   9.64   8.94   9.70   9.33  10.82 
  9.17   8.54   9.11   9.33   9.80   9.90   0.00   9.90   8.94   8.72   9.85   8.54   8.31   9.38   8.00   7.55   8.37   7.75   8.31  10.25   8.49   9.00   9.06   8.31   8.83   9.49   9.38   8.19   9.49   9.90   8.66   9.00 
  8.94   9.54   9.22   9.43  10.20   9.38   9.90   0.00   9.70   9.06   8.77   9.22   8.66   9.17   9.27   9.22   9.27   8.37   9.43   8.77   9.80   8.66   8.72   9.75   8.94  10.00   8.60   9.54   9.38   9.17   9.43   8.31 
  9.59  10.63   9.11   8.54  10.49  10.39   8.94   9.70   0.00  10.77   8.89   9.64   8.77   9.27   8.00   9.54   9.59   9.70  10.05   9.43   9.49   9.22   9.17  10.05  10.20  10.00   9.38   9.95   9.17   8.94   9.85   9.11 
  9.06   8.31   9.75   9.85   9.27   9.80   8.72   9.06  10.77   0.00  10.91   8.89   9.64   9.70  10.30   9.22   9.59   8.60   9.00   8.31   8.94  10.05   9.17   9.33   8.37   8.72   8.72   8.77   9.80  10.00   9.22   9.43 
  9.85   9.80   9.49   9.70   9.95   8.66   9.85   8.77   8.89  10.91   0.00  10.30   8.12   8.77   9.33   9.49   8.66   9.54   9.80   9.90   9.11   8.37   8.19   9.70   9.11   9.43   9.22  10.58   8.89   8.66   9.49   8.94 
  8.54   9.80   9.90   9.38   9.54  10.05   8.54   9.22   9.64   8.89  10.30   0.00  10.10  10.25   9.43   9.49   9.75  10.25   9.27   9.17   9.64   9.49   9.00   9.06   9.11  10.05   8.31   8.25  10.25  10.91   8.49   9.38 
  9.33   9.17   9.70   7.75   9.00   9.00   8.31   8.66   8.77   9.64   8.12  10.10   0.00   9.54   7.68   8.83   9.00   8.31   8.72   8.72   8.66   8.72   8.43   8.12   9.64   9.75   9.11   9.38   8.31   8.66   8.25   9.17 
  9.17   9.33   9.54   9.22   8.94   9.80   9.38   9.17   9.27   9.70   8.77  10.25   9.54   0.00   9.06   9.00   8.37   8.60   8.43   9.85   9.17   9.22   9.59   9.33   9.59  11.05   9.27  10.15   9.70   9.27   9.75   9.43 
  9.59   8.89   9.54   8.31  10.49   9.06   8.00   9.27   8.00  10.30   9.33   9.43   7.68   9.06   0.00   9.75   8.49   8.94   9.11   9.54   9.90   9.85   9.06   9.22   9.49   9.80  10.10  10.54   8.60   9.38   9.33   9.43 
  7.94   9.27   9.49   8.94   9.22  10.34   7.55   9.22   9.54   9.22   9.49   9.49   8.83   9.00   9.75   0.00   9.64   8.43   9.38   9.17   9.11   8.94   9.22   9.70   9.85   8.31   9.00   8.00   9.00   9.75   8.94   8.72 
  8.72   8.54  10.05   9.11  10.20  10.20   8.37   9.27   9.59   9.59   8.66   9.75   9.00   8.37   8.49   9.64   0.00   8.37   9.22   9.64   8.60   9.54   9.17   9.00   8.37   9.17   8.94  10.05  10.10   8.37   8.43   9.75 
  9.27   8.06   9.85   8.43   9.27   9.90   7.75   8.37   9.70   8.60   9.54  10.25   8.31   8.60   8.94   8.43   8.37   0.00   8.77   9.54   9.17   9.64   9.38   8.54   9.80   8.83  10.10   8.89   9.27   9.59   8.31   9.22 
  9.54   8.60   9.17   8.72   9.75   9.54   8.31   9.43  10.05   9.00   9.80   9.27   8.72   8.43   9.11   9.38   9.22   8.77   0.00   9.27   9.75   8.83   8.77   9.27   9.11  10.34   9.43   9.38   9.85   9.11   8.72  10.00 
  8.89   9.17   8.83   7.48   9.75   9.33  10.25   8.77   9.43   8.31   9.90   9.17   8.72   9.85   9.54   9.17   9.64   9.54   9.27   0.00   9.11   8.83   8.89  10.00   9.00   8.54   8.19   9.59   8.77   8.77   8.60   9.49 
  8.37   9.22   9.33   9.54   9.59  10.20   8.49   9.80   9.49   8.94   9.11   9.64   8.66   9.17   9.90   9.11   8.60   9.17   9.75   9.11   0.00   9.22   8.72   9.00   9.70   8.94   9.27   9.64   8.49  10.10   7.81   8.89 
  8.89   9.06   7.75   9.80  10.34   8.43   9.00   8.66   9.22  10.05   8.37   9.49   8.72   9.22   9.85   8.94   9.54   9.64   8.83   8.83   9.22   0.00   8.06   9.17   9.75   9.85   8.89   9.59   9.22   9.00   9.59   9.59 
  8.49   8.66   8.19   9.00   9.80   8.37   9.06   8.72   9.17   9.17   8.19   9.00   8.43   9.59   9.06   9.22   9.17   9.38   8.77   8.89   8.72   8.06   0.00   9.75   8.94   8.72   8.37   9.11   9.06   8.72   8.77  10.05 
  9.95   8.83  10.00   9.80  10.44  10.44   8.31   9.75  10.05   9.33   9.70   9.06   8.12   9.33   9.22   9.70   9.00   8.54   9.27  10.00   9.00   9.17   9.75   0.00  10.25   9.64  10.15   9.49  10.15  10.15   8.94   9.27 
  9.80   8.54   9.75   9.64   9.49   9.27   8.83   8.94  10.20   8.37   9.11   9.11   9.64   9.59   9.49   9.85   8.37   9.80   9.11   9.00   9.70   9.75   8.94  10.25   0.00   9.27   9.17   8.89   8.49   9.06   8.19   9.11 
  9.27   8.43   8.66   9.43  10.30  10.10   9.49  10.00  10.00   8.72   9.43  10.05   9.75  11.05   9.80   8.31   9.17   8.83  10.34   8.54   8.94   9.85   8.72   9.64   9.27   0.00  10.00   9.43   9.06   9.06   9.11   9.00 
  8.37  10.82   8.66   9.75  10.00  10.10   9.38   8.60   9.38   8.72   9.22   8.31   9.11   9.27  10.10   9.00   8.94  10.10   9.43   8.19   9.27   8.89   8.37  10.15   9.17  10.00   0.00   8.89  10.00   9.70   9.22   8.54 
  9.22   9.80   9.17   9.27   9.22   9.64   8.19   9.54   9.95   8.77  10.58   8.25   9.38  10.15  10.54   8.00  10.05   8.89   9.38   9.59   9.64   9.59   9.11   9.49   8.89   9.43   8.89   0.00   9.22  11.00   8.49   9.70 
  9.59   8.54   9.64   8.89   9.70   8.94   9.49   9.38   9.17   9.80   8.89  10.25   8.31   9.70   8.60   9.00  10.10   9.27   9.85   8.77   8.49   9.22   9.06  10.15   8.49   9.06  10.00   9.22   0.00   9.17   8.43   9.11 
 10.58   8.77   9.33   7.94   9.49   9.70   9.90   9.17   8.94  10.00   8.66  10.91   8.66   9.27   9.38   9.75   8.37   9.59   9.11   8.77  10.10   9.00   8.72  10.15   9.06   9.06   9.70  11.00   9.17   0.00   9.54   9.22 
  8.66   8.60   9.17   8.94   8.43   9.33   8.66   9.43   9.85   9.22   9.49   8.49   8.25   9.75   9.33   8.94   8.43   8.31   8.72   8.60   7.81   9.59   8.77   8.94   8.19   9.11   9.22   8.49   8.43   9.54   0.00   9.17 
  9.33   8.94   8.94   9.06   9.54  10.82   9.00   8.31   9.11   9.43   8.94   9.38   9.17   9.43   9.43   8.72   9.75   9.22  10.00   9.49   8.89   9.59  10.05   9.27   9.11   9.00   8.54   9.70   9.11   9.22   9.17   0.00 

============================================================
cublas
============================================================

---------------- cublas_1024x524288_profile.out ----------------
 Time (%)  Total Time (ns)  Instances    Avg (ns)       Med (ns)      Min (ns)     Max (ns)    StdDev (ns)   Style         Range       
 --------  ---------------  ---------  -------------  -------------  -----------  -----------  -----------  -------  ------------------
     95.2    1,458,385,035         10  145,838,503.5  145,748,018.0  144,316,050  149,121,604  1,501,800.0  PushPop  :XXT              
      0.3        4,085,754          1    4,085,754.0    4,085,754.0    4,085,754    4,085,754          0.0  PushPop  :GenX             
      0.0          189,537         10       18,953.7       17,843.0       17,522       29,145      3,585.9  PushPop  :CalculateDistance
      0.0          103,278         10       10,327.8        9,446.0        9,118       18,117      2,746.9  PushPop  :Norms            

---------------- cublas_1024x1048576_profile.out ----------------
 Time (%)  Total Time (ns)  Instances    Avg (ns)       Med (ns)      Min (ns)     Max (ns)    StdDev (ns)   Style         Range       
 --------  ---------------  ---------  -------------  -------------  -----------  -----------  -----------  -------  ------------------
     95.3    2,942,792,991         10  294,279,299.1  294,469,930.0  290,758,782  298,475,758  2,695,323.8  PushPop  :XXT              
      0.3        8,002,371          1    8,002,371.0    8,002,371.0    8,002,371    8,002,371          0.0  PushPop  :GenX             
      0.0          192,921         10       19,292.1       17,989.0       17,772       30,719      4,021.2  PushPop  :CalculateDistance
      0.0          105,690         10       10,569.0        9,676.0        9,488       17,604      2,492.5  PushPop  :Norms            

---------------- cublas_2048x1048576_profile.out ----------------
 Time (%)  Total Time (ns)  Instances     Avg (ns)         Med (ns)        Min (ns)       Max (ns)     StdDev (ns)   Style         Range       
 --------  ---------------  ---------  ---------------  ---------------  -------------  -------------  -----------  -------  ------------------
     98.1   15,279,111,499         10  1,527,911,149.9  1,527,469,767.0  1,520,939,803  1,533,731,129  4,409,551.6  PushPop  :XXT              
      0.1       15,833,568          1     15,833,568.0     15,833,568.0     15,833,568     15,833,568          0.0  PushPop  :GenX             
      0.0          623,447         10         62,344.7         60,584.0         60,293         78,461      5,667.0  PushPop  :CalculateDistance
      0.0          113,437         10         11,343.7         10,455.0          9,849         19,108      2,753.7  PushPop  :Norms            

---------------- cublas_4096x1048576_profile.out ----------------
ERROR: No existe.

---------------- cublas_8192x1048576_profile.out ----------------
ERROR: No existe.

---------------- cublas_32x64.out ----------------
Memoria usada: 128.00 MB
Iniciando Benchmark cuBLAS (Referencia FP32)
Matriz: 32 x 64 | Elementos de D: 528 | Iteraciones Nsys: 10

[cuBLAS] Profiling finalizado exitosamente.

--- DISTANCIAS (Packed) ---
  0.00   9.33   8.77   9.22   8.25   9.27   9.17   8.94   9.59   9.06   9.85   8.54   9.33   9.17   9.59   7.94   8.72   9.27   9.54   8.89   8.37   8.89   8.49   9.95   9.80   9.27   8.37   9.22   9.59  10.58   8.66   9.33 
  9.33   0.00   9.27   9.17   9.85   9.33   8.54   9.54  10.63   8.31   9.80   9.80   9.17   9.33   8.89   9.27   8.54   8.06   8.60   9.17   9.22   9.06   8.66   8.83   8.54   8.43  10.82   9.80   8.54   8.77   8.60   8.94 
  8.77   9.27   0.00   9.17   9.85   9.22   9.11   9.22   9.11   9.75   9.49   9.90   9.70   9.54   9.54   9.49  10.05   9.85   9.17   8.83   9.33   7.75   8.19  10.00   9.75   8.66   8.66   9.17   9.64   9.33   9.17   8.94 
  9.22   9.17   9.17   0.00   8.43  10.05   9.33   9.43   8.54   9.85   9.70   9.38   7.75   9.22   8.31   8.94   9.11   8.43   8.72   7.48   9.54   9.80   9.00   9.80   9.64   9.43   9.75   9.27   8.89   7.94   8.94   9.06 
  8.25   9.85   9.85   8.43   0.00  10.00   9.80  10.20  10.49   9.27   9.95   9.54   9.00   8.94  10.49   9.22  10.20   9.27   9.75   9.75   9.59  10.34   9.80  10.44   9.49  10.30  10.00   9.22   9.70   9.49   8.43   9.54 
  9.27   9.33   9.22  10.05  10.00   0.00   9.90   9.38  10.39   9.80   8.66  10.05   9.00   9.80   9.06  10.34  10.20   9.90   9.54   9.33  10.20   8.43   8.37  10.44   9.27  10.10  10.10   9.64   8.94   9.70   9.33  10.82 
  9.17   8.54   9.11   9.33   9.80   9.90   0.00   9.90   8.94   8.72   9.85   8.54   8.31   9.38   8.00   7.55   8.37   7.75   8.31  10.25   8.49   9.00   9.06   8.31   8.83   9.49   9.38   8.19   9.49   9.90   8.66   9.00 
  8.94   9.54   9.22   9.43  10.20   9.38   9.90   0.00   9.70   9.06   8.77   9.22   8.66   9.17   9.27   9.22   9.27   8.37   9.43   8.77   9.80   8.66   8.72   9.75   8.94  10.00   8.60   9.54   9.38   9.17   9.43   8.31 
  9.59  10.63   9.11   8.54  10.49  10.39   8.94   9.70   0.00  10.77   8.89   9.64   8.77   9.27   8.00   9.54   9.59   9.70  10.05   9.43   9.49   9.22   9.17  10.05  10.20  10.00   9.38   9.95   9.17   8.94   9.85   9.11 
  9.06   8.31   9.75   9.85   9.27   9.80   8.72   9.06  10.77   0.00  10.91   8.89   9.64   9.70  10.30   9.22   9.59   8.60   9.00   8.31   8.94  10.05   9.17   9.33   8.37   8.72   8.72   8.77   9.80  10.00   9.22   9.43 
  9.85   9.80   9.49   9.70   9.95   8.66   9.85   8.77   8.89  10.91   0.00  10.30   8.12   8.77   9.33   9.49   8.66   9.54   9.80   9.90   9.11   8.37   8.19   9.70   9.11   9.43   9.22  10.58   8.89   8.66   9.49   8.94 
  8.54   9.80   9.90   9.38   9.54  10.05   8.54   9.22   9.64   8.89  10.30   0.00  10.10  10.25   9.43   9.49   9.75  10.25   9.27   9.17   9.64   9.49   9.00   9.06   9.11  10.05   8.31   8.25  10.25  10.91   8.49   9.38 
  9.33   9.17   9.70   7.75   9.00   9.00   8.31   8.66   8.77   9.64   8.12  10.10   0.00   9.54   7.68   8.83   9.00   8.31   8.72   8.72   8.66   8.72   8.43   8.12   9.64   9.75   9.11   9.38   8.31   8.66   8.25   9.17 
  9.17   9.33   9.54   9.22   8.94   9.80   9.38   9.17   9.27   9.70   8.77  10.25   9.54   0.00   9.06   9.00   8.37   8.60   8.43   9.85   9.17   9.22   9.59   9.33   9.59  11.05   9.27  10.15   9.70   9.27   9.75   9.43 
  9.59   8.89   9.54   8.31  10.49   9.06   8.00   9.27   8.00  10.30   9.33   9.43   7.68   9.06   0.00   9.75   8.49   8.94   9.11   9.54   9.90   9.85   9.06   9.22   9.49   9.80  10.10  10.54   8.60   9.38   9.33   9.43 
  7.94   9.27   9.49   8.94   9.22  10.34   7.55   9.22   9.54   9.22   9.49   9.49   8.83   9.00   9.75   0.00   9.64   8.43   9.38   9.17   9.11   8.94   9.22   9.70   9.85   8.31   9.00   8.00   9.00   9.75   8.94   8.72 
  8.72   8.54  10.05   9.11  10.20  10.20   8.37   9.27   9.59   9.59   8.66   9.75   9.00   8.37   8.49   9.64   0.00   8.37   9.22   9.64   8.60   9.54   9.17   9.00   8.37   9.17   8.94  10.05  10.10   8.37   8.43   9.75 
  9.27   8.06   9.85   8.43   9.27   9.90   7.75   8.37   9.70   8.60   9.54  10.25   8.31   8.60   8.94   8.43   8.37   0.00   8.77   9.54   9.17   9.64   9.38   8.54   9.80   8.83  10.10   8.89   9.27   9.59   8.31   9.22 
  9.54   8.60   9.17   8.72   9.75   9.54   8.31   9.43  10.05   9.00   9.80   9.27   8.72   8.43   9.11   9.38   9.22   8.77   0.00   9.27   9.75   8.83   8.77   9.27   9.11  10.34   9.43   9.38   9.85   9.11   8.72  10.00 
  8.89   9.17   8.83   7.48   9.75   9.33  10.25   8.77   9.43   8.31   9.90   9.17   8.72   9.85   9.54   9.17   9.64   9.54   9.27   0.00   9.11   8.83   8.89  10.00   9.00   8.54   8.19   9.59   8.77   8.77   8.60   9.49 
  8.37   9.22   9.33   9.54   9.59  10.20   8.49   9.80   9.49   8.94   9.11   9.64   8.66   9.17   9.90   9.11   8.60   9.17   9.75   9.11   0.00   9.22   8.72   9.00   9.70   8.94   9.27   9.64   8.49  10.10   7.81   8.89 
  8.89   9.06   7.75   9.80  10.34   8.43   9.00   8.66   9.22  10.05   8.37   9.49   8.72   9.22   9.85   8.94   9.54   9.64   8.83   8.83   9.22   0.00   8.06   9.17   9.75   9.85   8.89   9.59   9.22   9.00   9.59   9.59 
  8.49   8.66   8.19   9.00   9.80   8.37   9.06   8.72   9.17   9.17   8.19   9.00   8.43   9.59   9.06   9.22   9.17   9.38   8.77   8.89   8.72   8.06   0.00   9.75   8.94   8.72   8.37   9.11   9.06   8.72   8.77  10.05 
  9.95   8.83  10.00   9.80  10.44  10.44   8.31   9.75  10.05   9.33   9.70   9.06   8.12   9.33   9.22   9.70   9.00   8.54   9.27  10.00   9.00   9.17   9.75   0.00  10.25   9.64  10.15   9.49  10.15  10.15   8.94   9.27 
  9.80   8.54   9.75   9.64   9.49   9.27   8.83   8.94  10.20   8.37   9.11   9.11   9.64   9.59   9.49   9.85   8.37   9.80   9.11   9.00   9.70   9.75   8.94  10.25   0.00   9.27   9.17   8.89   8.49   9.06   8.19   9.11 
  9.27   8.43   8.66   9.43  10.30  10.10   9.49  10.00  10.00   8.72   9.43  10.05   9.75  11.05   9.80   8.31   9.17   8.83  10.34   8.54   8.94   9.85   8.72   9.64   9.27   0.00  10.00   9.43   9.06   9.06   9.11   9.00 
  8.37  10.82   8.66   9.75  10.00  10.10   9.38   8.60   9.38   8.72   9.22   8.31   9.11   9.27  10.10   9.00   8.94  10.10   9.43   8.19   9.27   8.89   8.37  10.15   9.17  10.00   0.00   8.89  10.00   9.70   9.22   8.54 
  9.22   9.80   9.17   9.27   9.22   9.64   8.19   9.54   9.95   8.77  10.58   8.25   9.38  10.15  10.54   8.00  10.05   8.89   9.38   9.59   9.64   9.59   9.11   9.49   8.89   9.43   8.89   0.00   9.22  11.00   8.49   9.70 
  9.59   8.54   9.64   8.89   9.70   8.94   9.49   9.38   9.17   9.80   8.89  10.25   8.31   9.70   8.60   9.00  10.10   9.27   9.85   8.77   8.49   9.22   9.06  10.15   8.49   9.06  10.00   9.22   0.00   9.17   8.43   9.11 
 10.58   8.77   9.33   7.94   9.49   9.70   9.90   9.17   8.94  10.00   8.66  10.91   8.66   9.27   9.38   9.75   8.37   9.59   9.11   8.77  10.10   9.00   8.72  10.15   9.06   9.06   9.70  11.00   9.17   0.00   9.54   9.22 
  8.66   8.60   9.17   8.94   8.43   9.33   8.66   9.43   9.85   9.22   9.49   8.49   8.25   9.75   9.33   8.94   8.43   8.31   8.72   8.60   7.81   9.59   8.77   8.94   8.19   9.11   9.22   8.49   8.43   9.54   0.00   9.17 
  9.33   8.94   8.94   9.06   9.54  10.82   9.00   8.31   9.11   9.43   8.94   9.38   9.17   9.43   9.43   8.72   9.75   9.22  10.00   9.49   8.89   9.59  10.05   9.27   9.11   9.00   8.54   9.70   9.11   9.22   9.17   0.00 

Validacion OK

============================================================
Errores numéricos
============================================================
===========================

Tamaño X: m=1024, n=1048576
[cuBLAS] Referencia D (float32, Ssyrk) calculada.
[VERIFICACION] ||D_U8 - D_cuBLAS||_2 = 0.000000e+00
[VERIFICACION] ||D_U4 - D_cuBLAS||_2 = 0.000000e+00
[VERIFICACION] ||D_U2 - D_cuBLAS||_2 = 0.000000e+00
===========================

Tamaño X: m=2048, n=1048576
[cuBLAS] Referencia D (float32, Ssyrk) calculada.
[VERIFICACION] ||D_U8 - D_cuBLAS||_2 = 0.000000e+00
[VERIFICACION] ||D_U4 - D_cuBLAS||_2 = 0.000000e+00
[VERIFICACION] ||D_U2 - D_cuBLAS||_2 = 0.000000e+00
===========================

Tamaño X: m=512, n=1048576
[cuBLAS] Referencia D (float32, Ssyrk) calculada.
[VERIFICACION] ||D_U8 - D_cuBLAS||_2 = 0.000000e+00
[VERIFICACION] ||D_U4 - D_cuBLAS||_2 = 0.000000e+00
[VERIFICACION] ||D_U2 - D_cuBLAS||_2 = 0.000000e+00
